2.079999999999999905e-01 2.156623189520504269e+01 1.462714804119545597e+01
2.179999999999999993e-01 1.789248779203070328e+01 1.133756257037153503e+01
2.280000000000000082e-01 1.479682595346158180e+01 8.713864705029475743e+00
2.379999999999999893e-01 1.219369045078602554e+01 6.643455503166236120e+00
2.479999999999999982e-01 1.000765112536581292e+01 5.025713407681688949e+00
2.580000000000000071e-01 8.173988903959173768e+00 3.773271823855386842e+00
2.680000000000000160e-01 6.638203639732552119e+00 2.812038611893143525e+00
2.780000000000000249e-01 5.354881469338270250e+00 2.080398975659804695e+00
2.879999999999999782e-01 4.286273553028027372e+00 1.527955857896662550e+00
2.979999999999999871e-01 3.400843350985262692e+00 1.114069129713664008e+00
3.079999999999999960e-01 2.671949515267149966e+00 8.063707751243631705e-01
3.180000000000000049e-01 2.076754450595617474e+00 5.793649662453527194e-01
3.280000000000000138e-01 1.595388486484458745e+00 4.131711544048927709e-01
3.380000000000000226e-01 1.210357110150507509e+00 2.924335377571308237e-01
3.479999999999999760e-01 9.061525251143587312e-01 2.053984111312137928e-01
3.579999999999999849e-01 6.690184474776874612e-01 1.431485138839879434e-01
3.679999999999999938e-01 4.868154655360714678e-01 9.897748514633293582e-02
3.780000000000000027e-01 3.489402226300431509e-01 6.788550169380941357e-02
3.880000000000000115e-01 2.462620226900538722e-01 4.617740723416991627e-02
3.980000000000000204e-01 1.710524704744568192e-01 3.114603909515266389e-02
4.079999999999999738e-01 1.168952859046825943e-01 2.082535918785204804e-02
4.179999999999999827e-01 7.857300145393801560e-02 1.380003529930258835e-02
4.279999999999999916e-01 5.193409165338797734e-02 9.060108091767039157e-03
4.380000000000000004e-01 3.374804605588625772e-02 5.891228160360410804e-03
4.480000000000000093e-01 2.155730680661419388e-02 3.792615547117697116e-03
4.580000000000000182e-01 1.353446300512436105e-02 2.416365421674155408e-03
4.680000000000000271e-01 8.351345711089051826e-03 1.522995471164301446e-03
4.779999999999999805e-01 5.064376202950761872e-03 9.492084541913936926e-04
4.879999999999999893e-01 3.018222589929191093e-03 5.847390848097008473e-04
4.979999999999999982e-01 1.767870596266305373e-03 3.558843469276893722e-04
5.080000000000000071e-01 1.017789154309012246e-03 2.139000822913660993e-04
5.180000000000000160e-01 5.760012740139762531e-04 1.269052986676501738e-04
5.280000000000000249e-01 3.204889313029091517e-04 7.429008106351315632e-05
5.380000000000000338e-01 1.753506011889636627e-04 4.289288242583231051e-05
5.480000000000000426e-01 9.436281639581831429e-05 2.441578191342727477e-05
5.580000000000000515e-01 4.995759770503127806e-05 1.369689655583170037e-05
5.679999999999999494e-01 2.602722420752337642e-05 7.569775175223548279e-06
5.779999999999999583e-01 1.334772029426758813e-05 4.120069140156021799e-06
5.879999999999999671e-01 6.740190374519506786e-06 2.207733398091481968e-06
5.979999999999999760e-01 3.352415561652975889e-06 1.164334176590775522e-06
6.079999999999999849e-01 1.642844892382358901e-06 6.041907483821649333e-07
6.179999999999999938e-01 7.934390603339493249e-07 3.084042920192573871e-07
6.280000000000000027e-01 3.777652670159677462e-07 1.548134901907372369e-07
6.380000000000000115e-01 1.773445964225056137e-07 7.640796931411573474e-08
6.480000000000000204e-01 8.210616734204195380e-08 3.706945737698216701e-08
6.580000000000000293e-01 3.749249652653422385e-08 1.767479137897915435e-08
6.680000000000000382e-01 1.688668538462801620e-08 8.280786247667250113e-09
6.780000000000000471e-01 7.501825302436181409e-09 3.811470557564623406e-09
6.879999999999999449e-01 3.286798598747382853e-09 1.723243308015486174e-09
6.979999999999999538e-01 1.420025891794362577e-09 7.651889262360665256e-10
7.079999999999999627e-01 6.048439711275013097e-10 3.336545011131207872e-10
7.179999999999999716e-01 2.539218721761403391e-10 1.428485381015916595e-10
7.279999999999999805e-01 1.050357588691288805e-10 6.004136800371424281e-11
7.379999999999999893e-01 4.279539057791517451e-11 2.477260473788544717e-11
7.479999999999999982e-01 1.716921798459614719e-11 1.003214860375771130e-11
7.580000000000000071e-01 6.779895505590879880e-12 3.987282775668446689e-12
7.680000000000000160e-01 2.634073895679396284e-12 1.555118932412258969e-12
7.780000000000000249e-01 1.006704304299353225e-12 5.951594388350044196e-13
7.880000000000000338e-01 3.782596365338820126e-13 2.234824824452445483e-13
7.980000000000000426e-01 1.396653781192580845e-13 8.232430338343944736e-14
8.080000000000000515e-01 5.072602757986529497e-14 2.974911575740365138e-14
8.179999999999999494e-01 1.822023681515399453e-14 1.054584312626256362e-14
8.279999999999999583e-01 6.063358535150837550e-15 3.662347032249779023e-15
8.379999999999999671e-01 2.097265937857725741e-15 1.248957135592736879e-15
8.479999999999999760e-01 7.123281465199736611e-16 4.164875814470523570e-16
8.579999999999999849e-01 2.358356595203750790e-16 1.356111171106081446e-16
8.679999999999999938e-01 7.682222805886028906e-17 4.360024241822692060e-17
8.780000000000000027e-01 2.423768743570506059e-17 1.326574920591827048e-17
8.880000000000000115e-01 7.405175121390550461e-18 3.854595346152865113e-18
8.980000000000000204e-01 2.088149797957125162e-18 1.031286192629624038e-18
9.080000000000000293e-01 5.513061442922988095e-19 2.280680877870393106e-19
9.180000000000000382e-01 1.052581311500323299e-19 2.446868111655761494e-20
9.280000000000000471e-01 5.854248263699357772e-21 9.767899322707254852e-23
9.379999999999999449e-01 0.000000000000000000e+00 0.000000000000000000e+00
9.479999999999999538e-01 0.000000000000000000e+00 0.000000000000000000e+00
9.579999999999999627e-01 0.000000000000000000e+00 0.000000000000000000e+00
9.679999999999999716e-01 0.000000000000000000e+00 0.000000000000000000e+00
9.779999999999999805e-01 0.000000000000000000e+00 0.000000000000000000e+00
9.879999999999999893e-01 0.000000000000000000e+00 0.000000000000000000e+00
9.979999999999999982e-01 0.000000000000000000e+00 0.000000000000000000e+00
1.008000000000000007e+00 0.000000000000000000e+00 0.000000000000000000e+00
1.018000000000000016e+00 0.000000000000000000e+00 0.000000000000000000e+00
1.028000000000000025e+00 0.000000000000000000e+00 0.000000000000000000e+00
1.038000000000000034e+00 0.000000000000000000e+00 0.000000000000000000e+00
1.048000000000000043e+00 0.000000000000000000e+00 0.000000000000000000e+00
1.058000000000000052e+00 0.000000000000000000e+00 0.000000000000000000e+00
1.068000000000000060e+00 0.000000000000000000e+00 0.000000000000000000e+00
1.078000000000000069e+00 0.000000000000000000e+00 0.000000000000000000e+00
1.088000000000000078e+00 0.000000000000000000e+00 0.000000000000000000e+00
1.098000000000000087e+00 0.000000000000000000e+00 0.000000000000000000e+00
1.108000000000000096e+00 0.000000000000000000e+00 0.000000000000000000e+00
1.118000000000000105e+00 0.000000000000000000e+00 0.000000000000000000e+00
1.127999999999999892e+00 0.000000000000000000e+00 0.000000000000000000e+00
1.137999999999999901e+00 0.000000000000000000e+00 0.000000000000000000e+00
1.147999999999999909e+00 0.000000000000000000e+00 0.000000000000000000e+00
1.157999999999999918e+00 0.000000000000000000e+00 0.000000000000000000e+00
1.167999999999999927e+00 0.000000000000000000e+00 0.000000000000000000e+00
1.177999999999999936e+00 0.000000000000000000e+00 0.000000000000000000e+00
1.187999999999999945e+00 0.000000000000000000e+00 0.000000000000000000e+00
1.197999999999999954e+00 0.000000000000000000e+00 0.000000000000000000e+00
1.207999999999999963e+00 0.000000000000000000e+00 0.000000000000000000e+00
1.217999999999999972e+00 0.000000000000000000e+00 0.000000000000000000e+00
1.227999999999999980e+00 0.000000000000000000e+00 0.000000000000000000e+00
1.237999999999999989e+00 0.000000000000000000e+00 0.000000000000000000e+00
1.247999999999999998e+00 0.000000000000000000e+00 0.000000000000000000e+00
1.258000000000000007e+00 0.000000000000000000e+00 0.000000000000000000e+00
1.268000000000000016e+00 0.000000000000000000e+00 0.000000000000000000e+00
1.278000000000000025e+00 0.000000000000000000e+00 0.000000000000000000e+00
1.288000000000000034e+00 0.000000000000000000e+00 0.000000000000000000e+00
1.298000000000000043e+00 0.000000000000000000e+00 0.000000000000000000e+00
1.308000000000000052e+00 0.000000000000000000e+00 0.000000000000000000e+00
1.318000000000000060e+00 0.000000000000000000e+00 0.000000000000000000e+00
1.328000000000000069e+00 0.000000000000000000e+00 0.000000000000000000e+00
1.338000000000000078e+00 0.000000000000000000e+00 0.000000000000000000e+00
1.348000000000000087e+00 0.000000000000000000e+00 0.000000000000000000e+00
1.358000000000000096e+00 0.000000000000000000e+00 0.000000000000000000e+00
1.368000000000000105e+00 0.000000000000000000e+00 0.000000000000000000e+00
1.377999999999999892e+00 0.000000000000000000e+00 0.000000000000000000e+00
1.387999999999999901e+00 0.000000000000000000e+00 0.000000000000000000e+00
1.397999999999999909e+00 0.000000000000000000e+00 0.000000000000000000e+00
1.407999999999999918e+00 0.000000000000000000e+00 0.000000000000000000e+00
1.417999999999999927e+00 0.000000000000000000e+00 0.000000000000000000e+00
1.427999999999999936e+00 0.000000000000000000e+00 0.000000000000000000e+00
1.437999999999999945e+00 0.000000000000000000e+00 0.000000000000000000e+00
1.447999999999999954e+00 0.000000000000000000e+00 0.000000000000000000e+00
1.457999999999999963e+00 0.000000000000000000e+00 0.000000000000000000e+00
1.467999999999999972e+00 0.000000000000000000e+00 0.000000000000000000e+00
1.477999999999999980e+00 0.000000000000000000e+00 0.000000000000000000e+00
1.487999999999999989e+00 0.000000000000000000e+00 0.000000000000000000e+00
1.497999999999999998e+00 0.000000000000000000e+00 0.000000000000000000e+00
