2.049999999999999878e-01 2.101846875595383350e-04
2.149999999999999967e-01 2.142776874382588731e-04
2.250000000000000056e-01 2.177816982550718529e-04
2.349999999999999867e-01 2.206770634860201398e-04
2.449999999999999956e-01 2.229855506972085448e-04
2.550000000000000044e-01 2.247696800461064385e-04
2.650000000000000133e-01 2.261225066099568806e-04
2.750000000000000222e-01 2.271506500128701812e-04
2.849999999999999756e-01 2.279550954213715238e-04
2.949999999999999845e-01 2.286147652616330372e-04
3.049999999999999933e-01 2.291769610403026930e-04
3.150000000000000022e-01 2.296567664122372340e-04
3.250000000000000111e-01 2.300449643038922386e-04
3.350000000000000200e-01 2.303216759667960122e-04
3.449999999999999734e-01 2.304714390372337833e-04
3.549999999999999822e-01 2.304952133219145979e-04
3.649999999999999911e-01 2.304158771743787960e-04
3.750000000000000000e-01 2.302758175974771611e-04
3.850000000000000089e-01 2.301276122981548876e-04
3.950000000000000178e-01 2.300208465516803420e-04
4.050000000000000266e-01 2.299892095274656053e-04
4.149999999999999800e-01 2.300418661142277030e-04
4.249999999999999889e-01 2.301617651841698453e-04
4.349999999999999978e-01 2.303114357984907437e-04
4.450000000000000067e-01 2.304445740284319973e-04
4.550000000000000155e-01 2.305200029395429592e-04
4.650000000000000244e-01 2.305139007060111930e-04
4.749999999999999778e-01 2.304267295331609787e-04
4.849999999999999867e-01 2.302828892316138821e-04
4.949999999999999956e-01 2.301232821976383774e-04
5.050000000000000044e-01 2.299930652970719810e-04
5.150000000000000133e-01 2.299282612735458061e-04
5.250000000000000222e-01 2.299452010943917166e-04
5.350000000000000311e-01 2.300358912671548214e-04
5.450000000000000400e-01 2.301706173538484081e-04
5.550000000000000488e-01 2.303069424883445575e-04
5.649999999999999467e-01 2.304023774848641887e-04
5.749999999999999556e-01 2.304269407513144063e-04
5.849999999999999645e-01 2.303718963264687696e-04
5.949999999999999734e-01 2.302521249873272816e-04
6.049999999999999822e-01 2.301014907542052565e-04
6.149999999999999911e-01 2.299626420559189343e-04
6.250000000000000000e-01 2.298743176635043624e-04
6.350000000000000089e-01 2.298599345998519731e-04
6.450000000000000178e-01 2.299208187393742789e-04
6.550000000000000266e-01 2.300360330085005870e-04
6.650000000000000355e-01 2.301687883793738241e-04
6.750000000000000444e-01 2.302774770811198940e-04
6.850000000000000533e-01 2.303280205799924300e-04
6.949999999999999512e-01 2.303038690955992057e-04
7.049999999999999600e-01 2.302107200498194721e-04
7.149999999999999689e-01 2.300746131130958086e-04
7.249999999999999778e-01 2.299340307828197589e-04
7.349999999999999867e-01 2.298283991923553960e-04
7.449999999999999956e-01 2.297864241750762198e-04
7.550000000000000044e-01 2.298177121756362522e-04
7.650000000000000133e-01 2.299101202955852600e-04
7.750000000000000222e-01 2.300335618923298766e-04
7.850000000000000311e-01 2.301490786145984414e-04
7.950000000000000400e-01 2.302204447666045966e-04
8.050000000000000488e-01 2.302248484781674559e-04
8.149999999999999467e-01 2.301595013948465568e-04
8.249999999999999556e-01 2.300422634520732986e-04
8.349999999999999645e-01 2.299061575172657416e-04
8.449999999999999734e-01 2.297894561713066392e-04
8.549999999999999822e-01 2.297243151677359828e-04
8.649999999999999911e-01 2.297273282892872931e-04
8.750000000000000000e-01 2.297947770164494082e-04
8.850000000000000089e-01 2.299039333898801683e-04
8.950000000000000178e-01 2.300199721593670671e-04
9.050000000000000266e-01 2.301063955307696720e-04
9.150000000000000355e-01 2.301358578558061849e-04
9.250000000000000444e-01 2.300981927681390485e-04
9.350000000000000533e-01 2.300033077983500401e-04
9.449999999999999512e-01 2.298781575427006024e-04
9.549999999999999600e-01 2.297587728115149143e-04
9.649999999999999689e-01 2.296797861309493127e-04
9.749999999999999778e-01 2.296646245849982794e-04
9.849999999999999867e-01 2.297193307660605650e-04
9.949999999999999956e-01 2.298318926603438387e-04
1.004999999999999893e+00 2.299773402201355898e-04
1.014999999999999902e+00 2.301271828318887896e-04
1.024999999999999911e+00 2.302605121401930007e-04
1.034999999999999920e+00 2.303736383258664193e-04
1.044999999999999929e+00 2.304855852115346405e-04
1.054999999999999938e+00 2.306379889495410816e-04
1.064999999999999947e+00 2.308895519466763974e-04
1.074999999999999956e+00 2.313067150638993389e-04
1.084999999999999964e+00 2.319531812724259096e-04
1.094999999999999973e+00 2.328810775695130367e-04
1.104999999999999982e+00 2.341258550149642780e-04
1.114999999999999991e+00 2.357057310154698983e-04
1.125000000000000000e+00 2.376249884129270538e-04
1.135000000000000009e+00 2.398792329263776198e-04
1.145000000000000018e+00 2.424601556388090030e-04
1.155000000000000027e+00 2.453576259981984573e-04
1.165000000000000036e+00 2.485579677838389064e-04
1.175000000000000044e+00 2.520387237557018562e-04
1.185000000000000053e+00 2.557616326170048622e-04
1.195000000000000062e+00 2.596664634973683923e-04
1.205000000000000071e+00 2.636684600597028957e-04
1.215000000000000080e+00 2.676613635285726798e-04
1.225000000000000089e+00 2.715265082772631757e-04
1.235000000000000098e+00 2.751467306182957739e-04
1.245000000000000107e+00 2.784223152505973945e-04
1.254999999999999893e+00 2.812853852646006458e-04
1.264999999999999902e+00 2.837092895019879108e-04
1.274999999999999911e+00 2.857106482293382630e-04
1.284999999999999920e+00 2.873434979312648675e-04
1.294999999999999929e+00 2.886869417582138596e-04
1.304999999999999938e+00 2.898293160394517900e-04
1.314999999999999947e+00 2.908526754081448037e-04
1.324999999999999956e+00 2.918211590009718364e-04
1.334999999999999964e+00 2.927756020857194986e-04
1.344999999999999973e+00 2.937349495417189925e-04
1.354999999999999982e+00 2.947031311340809166e-04
1.364999999999999991e+00 2.956786160190325616e-04
1.375000000000000000e+00 2.966632811525748157e-04
1.385000000000000009e+00 2.976676564526206095e-04
1.395000000000000018e+00 2.987109025342828692e-04
1.405000000000000027e+00 2.998156358187944667e-04
1.415000000000000036e+00 3.009994083458573813e-04
1.425000000000000044e+00 3.022657674690398919e-04
1.435000000000000053e+00 3.035980299625545484e-04
1.445000000000000062e+00 3.049581445731825574e-04
1.455000000000000071e+00 3.062915149952680411e-04
1.465000000000000080e+00 3.075368609036778457e-04
1.475000000000000089e+00 3.086386444893511778e-04
1.485000000000000098e+00 3.095587482634577932e-04
1.495000000000000107e+00 3.102842115404989029e-04
