2.049999999999999878e-01 2.222968480481684139e+01 1.537340315367548271e+01
2.149999999999999967e-01 1.845798550714114938e+01 1.194566223831598606e+01
2.250000000000000056e-01 1.527794485793972079e+01 9.203122082539021420e+00
2.349999999999999867e-01 1.260304993417984143e+01 7.032584398741577481e+00
2.449999999999999956e-01 1.035634803631741363e+01 5.331962297102330162e+00
2.550000000000000044e-01 8.471393084640808979e+00 4.011959431709255952e+00
2.650000000000000133e-01 6.892005636639175314e+00 2.996383982126262779e+00
2.750000000000000222e-01 5.571293669422159311e+00 2.221550196560400092e+00
2.849999999999999756e-01 4.470303787014317187e+00 1.635139653126653769e+00
2.949999999999999845e-01 3.556580694780319796e+00 1.194803190232842205e+00
3.049999999999999933e-01 2.802822279261453442e+00 8.666986958700619859e-01
3.150000000000000022e-01 2.185738124140474081e+00 6.240883307239104560e-01
3.250000000000000111e-01 1.685155646636021798e+00 4.460642589405768854e-01
3.350000000000000200e-01 1.283371665761221303e+00 3.164337873253132982e-01
3.449999999999999734e-01 9.647172825415358810e-01 2.227702206630101656e-01
3.549999999999999822e-01 7.152882954386075021e-01 1.556213549616331515e-01
3.649999999999999911e-01 5.227891178728221178e-01 1.078601849537342283e-01
3.750000000000000000e-01 3.764421608423884624e-01 7.415953574662949299e-02
3.850000000000000089e-01 2.669237920916060491e-01 5.057208203587863077e-02
3.950000000000000178e-01 1.862994910329044407e-01 3.419835940642201172e-02
4.050000000000000266e-01 1.279424038450982792e-01 2.292714856132583093e-02
4.149999999999999800e-01 8.642952821968938326e-02 1.523459998642329345e-02
4.249999999999999889e-01 5.741727239069212979e-02 1.003044113318573780e-02
4.349999999999999978e-01 3.750282654805457694e-02 6.541462110498834533e-03
4.450000000000000067e-01 2.407985481657477084e-02 4.224159826510138875e-03
4.550000000000000155e-01 1.519699701376712488e-02 2.699914379666537231e-03
4.650000000000000244e-01 9.426249457855960870e-03 1.707370032722986802e-03
4.749999999999999778e-01 5.746157816869761070e-03 1.067799908678205732e-03
4.849999999999999867e-01 3.442473165230619699e-03 6.601585725487302053e-04
4.949999999999999956e-01 2.026895357132816721e-03 4.032848031021768931e-04
5.050000000000000044e-01 1.172976816119352056e-03 2.433264968078957470e-04
5.150000000000000133e-01 6.672528813816925794e-04 1.449410676036097967e-04
5.250000000000000222e-01 3.731605320495144022e-04 8.519854295214795634e-05
5.350000000000000311e-01 2.052020307744803810e-04 4.940043938796752631e-05
5.450000000000000400e-01 1.109785972550420338e-04 2.824314033607461984e-05
5.550000000000000488e-01 5.904357329547502728e-05 1.591517837773114732e-05
5.649999999999999467e-01 3.090990735212638141e-05 8.836231227800940885e-06
5.749999999999999556e-01 1.592721035565755351e-05 4.832018412190040255e-06
5.849999999999999645e-01 8.080356543913895374e-06 2.601677128103329177e-06
5.949999999999999734e-01 4.037430386084042172e-06 1.378818975662765531e-06
6.049999999999999822e-01 1.987454177937170948e-06 7.190585154308687141e-07
6.149999999999999911e-01 9.641283966538896323e-07 3.688981006835186542e-07
6.250000000000000000e-01 4.610369607099489645e-07 1.861331286279353595e-07
6.350000000000000089e-01 2.173709133800850414e-07 9.234496467664762363e-08
6.450000000000000178e-01 1.010678900403031116e-07 4.503802661973835705e-08
6.550000000000000266e-01 4.634767132332178359e-08 2.158901279404934182e-08
6.650000000000000355e-01 2.096402253367689232e-08 1.016928717334925694e-08
6.750000000000000444e-01 9.353045780003609296e-09 4.706252339310669490e-09
6.850000000000000533e-01 4.115595190378991422e-09 2.139514049572486007e-09
6.949999999999999512e-01 1.785893332385187569e-09 9.553069252375151258e-10
7.049999999999999600e-01 7.640724220741466543e-10 4.188868520983710125e-10
7.149999999999999689e-01 3.222252238136264022e-10 1.803507822568917978e-10
7.249999999999999778e-01 1.339073436193134371e-10 7.623454247957199913e-11
7.349999999999999867e-01 5.481886841104691038e-11 3.163368925787459813e-11
7.449999999999999956e-01 2.209905176077066406e-11 1.288429125540637386e-11
7.550000000000000044e-01 8.770753624491914442e-12 5.150226316010266793e-12
7.650000000000000133e-01 3.424236443931964513e-12 2.020600650969368906e-12
7.750000000000000222e-01 1.315429325634651896e-12 7.777598241293198148e-13
7.850000000000000311e-01 4.972597351268015495e-13 2.937574968368273831e-13
7.950000000000000400e-01 1.844176203788951789e-13 1.088641158244663632e-13
8.050000000000000488e-01 6.728335197913863713e-14 3.956692708036206184e-14
8.149999999999999467e-01 2.421105390820318285e-14 1.411100610200313519e-14
8.249999999999999556e-01 8.415216431063215834e-15 4.926847127634466176e-15
8.349999999999999645e-01 2.831234192401814912e-15 1.694079328013186393e-15
8.449999999999999734e-01 9.650076408195398114e-16 5.683194312930957050e-16
8.549999999999999822e-01 3.221470283452699932e-16 1.879051223514554909e-16
8.649999999999999911e-01 1.049231835225073856e-16 5.744623353694981034e-17
8.750000000000000000e-01 3.323277648968538866e-17 1.918210963808542662e-17
8.850000000000000089e-01 9.934037673376471301e-18 5.701690404145054844e-18
8.950000000000000178e-01 3.264376981784349473e-18 1.354409113064097381e-18
9.050000000000000266e-01 7.075826189436782326e-19 4.345245078733029728e-19
9.150000000000000355e-01 2.314917215740420945e-19 4.601719963675564445e-20
9.250000000000000444e-01 1.451396726045165541e-20 2.497934524648258738e-21
9.350000000000000533e-01 0.000000000000000000e+00 0.000000000000000000e+00
9.449999999999999512e-01 0.000000000000000000e+00 0.000000000000000000e+00
9.549999999999999600e-01 0.000000000000000000e+00 0.000000000000000000e+00
9.649999999999999689e-01 0.000000000000000000e+00 0.000000000000000000e+00
9.749999999999999778e-01 0.000000000000000000e+00 0.000000000000000000e+00
9.849999999999999867e-01 0.000000000000000000e+00 0.000000000000000000e+00
9.949999999999999956e-01 0.000000000000000000e+00 0.000000000000000000e+00
1.004999999999999893e+00 0.000000000000000000e+00 0.000000000000000000e+00
1.014999999999999902e+00 0.000000000000000000e+00 0.000000000000000000e+00
1.024999999999999911e+00 0.000000000000000000e+00 0.000000000000000000e+00
1.034999999999999920e+00 0.000000000000000000e+00 0.000000000000000000e+00
1.044999999999999929e+00 0.000000000000000000e+00 0.000000000000000000e+00
1.054999999999999938e+00 0.000000000000000000e+00 0.000000000000000000e+00
1.064999999999999947e+00 0.000000000000000000e+00 0.000000000000000000e+00
1.074999999999999956e+00 0.000000000000000000e+00 0.000000000000000000e+00
1.084999999999999964e+00 0.000000000000000000e+00 0.000000000000000000e+00
1.094999999999999973e+00 0.000000000000000000e+00 0.000000000000000000e+00
1.104999999999999982e+00 0.000000000000000000e+00 0.000000000000000000e+00
1.114999999999999991e+00 0.000000000000000000e+00 0.000000000000000000e+00
1.125000000000000000e+00 0.000000000000000000e+00 0.000000000000000000e+00
1.135000000000000009e+00 0.000000000000000000e+00 0.000000000000000000e+00
1.145000000000000018e+00 0.000000000000000000e+00 0.000000000000000000e+00
1.155000000000000027e+00 0.000000000000000000e+00 0.000000000000000000e+00
1.165000000000000036e+00 0.000000000000000000e+00 0.000000000000000000e+00
1.175000000000000044e+00 0.000000000000000000e+00 0.000000000000000000e+00
1.185000000000000053e+00 0.000000000000000000e+00 0.000000000000000000e+00
1.195000000000000062e+00 0.000000000000000000e+00 0.000000000000000000e+00
1.205000000000000071e+00 0.000000000000000000e+00 0.000000000000000000e+00
1.215000000000000080e+00 0.000000000000000000e+00 0.000000000000000000e+00
1.225000000000000089e+00 0.000000000000000000e+00 0.000000000000000000e+00
1.235000000000000098e+00 0.000000000000000000e+00 0.000000000000000000e+00
1.245000000000000107e+00 0.000000000000000000e+00 0.000000000000000000e+00
1.254999999999999893e+00 0.000000000000000000e+00 0.000000000000000000e+00
1.264999999999999902e+00 0.000000000000000000e+00 0.000000000000000000e+00
1.274999999999999911e+00 0.000000000000000000e+00 0.000000000000000000e+00
1.284999999999999920e+00 0.000000000000000000e+00 0.000000000000000000e+00
1.294999999999999929e+00 0.000000000000000000e+00 0.000000000000000000e+00
1.304999999999999938e+00 0.000000000000000000e+00 0.000000000000000000e+00
1.314999999999999947e+00 0.000000000000000000e+00 0.000000000000000000e+00
1.324999999999999956e+00 0.000000000000000000e+00 0.000000000000000000e+00
1.334999999999999964e+00 0.000000000000000000e+00 0.000000000000000000e+00
1.344999999999999973e+00 0.000000000000000000e+00 0.000000000000000000e+00
1.354999999999999982e+00 0.000000000000000000e+00 0.000000000000000000e+00
1.364999999999999991e+00 0.000000000000000000e+00 0.000000000000000000e+00
1.375000000000000000e+00 0.000000000000000000e+00 0.000000000000000000e+00
1.385000000000000009e+00 0.000000000000000000e+00 0.000000000000000000e+00
1.395000000000000018e+00 0.000000000000000000e+00 0.000000000000000000e+00
1.405000000000000027e+00 0.000000000000000000e+00 0.000000000000000000e+00
1.415000000000000036e+00 0.000000000000000000e+00 0.000000000000000000e+00
1.425000000000000044e+00 0.000000000000000000e+00 0.000000000000000000e+00
1.435000000000000053e+00 0.000000000000000000e+00 0.000000000000000000e+00
1.445000000000000062e+00 0.000000000000000000e+00 0.000000000000000000e+00
1.455000000000000071e+00 0.000000000000000000e+00 0.000000000000000000e+00
1.465000000000000080e+00 0.000000000000000000e+00 0.000000000000000000e+00
1.475000000000000089e+00 0.000000000000000000e+00 0.000000000000000000e+00
1.485000000000000098e+00 0.000000000000000000e+00 0.000000000000000000e+00
1.495000000000000107e+00 0.000000000000000000e+00 0.000000000000000000e+00
