2.079999999999999905e-01 2.250157176217803721e-04
2.179999999999999993e-01 2.274705920619845786e-04
2.280000000000000082e-01 2.294970585602225366e-04
2.379999999999999893e-01 2.311430859216544002e-04
2.479999999999999982e-01 2.324574292787532650e-04
2.580000000000000071e-01 2.334881883442748937e-04
2.680000000000000160e-01 2.342813996479921107e-04
2.780000000000000249e-01 2.348798037034865332e-04
2.879999999999999782e-01 2.353218963210499119e-04
2.979999999999999871e-01 2.356413257533658805e-04
3.079999999999999960e-01 2.358666463408555600e-04
3.180000000000000049e-01 2.360213950559729565e-04
3.280000000000000138e-01 2.361244263341542231e-04
3.380000000000000226e-01 2.361904251736968684e-04
3.479999999999999760e-01 2.362305174965936253e-04
3.579999999999999849e-01 2.362529066690835619e-04
3.679999999999999938e-01 2.362634814049718326e-04
3.780000000000000027e-01 2.362663587346836458e-04
3.880000000000000115e-01 2.362643429886571427e-04
3.980000000000000204e-01 2.362592957496171815e-04
4.079999999999999738e-01 2.362524216239573463e-04
4.179999999999999827e-01 2.362444805609355920e-04
4.279999999999999916e-01 2.362359399883876411e-04
4.380000000000000004e-01 2.362270801658946880e-04
4.480000000000000093e-01 2.362180648081738631e-04
4.580000000000000182e-01 2.362089869739259396e-04
4.680000000000000271e-01 2.361998979999332363e-04
4.779999999999999805e-01 2.361908252225380358e-04
4.879999999999999893e-01 2.361817825312562862e-04
4.979999999999999982e-01 2.361727764849357719e-04
5.080000000000000071e-01 2.361638097626893654e-04
5.180000000000000160e-01 2.361548830594518717e-04
5.280000000000000249e-01 2.361459960993936931e-04
5.380000000000000338e-01 2.361371481639377220e-04
5.480000000000000426e-01 2.361283383613040630e-04
5.580000000000000515e-01 2.361195657626264928e-04
5.679999999999999494e-01 2.361108294706898750e-04
5.779999999999999583e-01 2.361021286552491031e-04
5.879999999999999671e-01 2.360934625734807852e-04
5.979999999999999760e-01 2.360848305868209313e-04
6.079999999999999849e-01 2.360762321815615145e-04
6.179999999999999938e-01 2.360676669969146379e-04
6.280000000000000027e-01 2.360591348613566445e-04
6.380000000000000115e-01 2.360506358366441511e-04
6.480000000000000204e-01 2.360421702691216112e-04
6.580000000000000293e-01 2.360337388484834203e-04
6.680000000000000382e-01 2.360253426734151741e-04
6.780000000000000471e-01 2.360169833211090795e-04
6.879999999999999449e-01 2.360086629147283542e-04
6.979999999999999538e-01 2.360003841810197778e-04
7.079999999999999627e-01 2.359921504901770959e-04
7.179999999999999716e-01 2.359839658709342791e-04
7.279999999999999805e-01 2.359758349945833807e-04
7.379999999999999893e-01 2.359677631217941217e-04
7.479999999999999982e-01 2.359597560066586106e-04
7.580000000000000071e-01 2.359518197548615172e-04
7.680000000000000160e-01 2.359439606370868732e-04
7.780000000000000249e-01 2.359361848642672443e-04
7.880000000000000338e-01 2.359284983359970830e-04
7.980000000000000426e-01 2.359209063766624763e-04
8.080000000000000515e-01 2.359134134758582638e-04
8.179999999999999494e-01 2.359060230513213507e-04
8.279999999999999583e-01 2.358987372541656864e-04
8.379999999999999671e-01 2.358915568371476080e-04
8.479999999999999760e-01 2.358844811065240383e-04
8.579999999999999849e-01 2.358775079778719296e-04
8.679999999999999938e-01 2.358706341596634786e-04
8.780000000000000027e-01 2.358638555017564871e-04
8.880000000000000115e-01 2.358571675780756719e-04
8.980000000000000204e-01 2.358505666361329395e-04
9.080000000000000293e-01 2.358440511590713645e-04
9.180000000000000382e-01 2.358376244754576984e-04
9.280000000000000471e-01 2.358312991572190020e-04
9.379999999999999449e-01 2.358251044162655910e-04
9.479999999999999538e-01 2.358190984041456039e-04
9.579999999999999627e-01 2.358133882952951959e-04
9.679999999999999716e-01 2.358081623379649052e-04
9.779999999999999805e-01 2.358037396934297499e-04
9.879999999999999893e-01 2.358006457830375989e-04
9.979999999999999982e-01 2.357997228282981354e-04
1.008000000000000007e+00 2.358022869288948858e-04
1.018000000000000016e+00 2.358103437862469546e-04
1.028000000000000025e+00 2.358268742301163740e-04
1.038000000000000034e+00 2.358561970539163697e-04
1.048000000000000043e+00 2.359044092912642614e-04
1.058000000000000052e+00 2.359798921632597036e-04
1.068000000000000060e+00 2.360938542379238507e-04
1.078000000000000069e+00 2.362608625623892897e-04
1.088000000000000078e+00 2.364992896564857138e-04
1.098000000000000087e+00 2.368315828039475814e-04
1.108000000000000096e+00 2.372842469552828700e-04
1.118000000000000105e+00 2.378874295352005337e-04
1.127999999999999892e+00 2.386740101397014145e-04
1.137999999999999901e+00 2.396781345540379467e-04
1.147999999999999909e+00 2.409331916257783203e-04
1.157999999999999918e+00 2.424693097116120547e-04
1.167999999999999927e+00 2.443105379816510052e-04
1.177999999999999936e+00 2.464719634207762676e-04
1.187999999999999945e+00 2.489570805829801302e-04
1.197999999999999954e+00 2.517557616933155623e-04
1.207999999999999963e+00 2.548431568404126591e-04
1.217999999999999972e+00 2.581797821947732358e-04
1.227999999999999980e+00 2.617129324669838805e-04
1.237999999999999989e+00 2.653793964170785740e-04
1.247999999999999998e+00 2.691092838351269120e-04
1.258000000000000007e+00 2.728306163168863624e-04
1.268000000000000016e+00 2.764742189738770856e-04
1.278000000000000025e+00 2.799783964622069312e-04
1.288000000000000034e+00 2.832928945158317787e-04
1.298000000000000043e+00 2.863817351775649789e-04
1.308000000000000052e+00 2.892246559177015356e-04
1.318000000000000060e+00 2.918170568227613278e-04
1.328000000000000069e+00 2.941685389874553413e-04
1.338000000000000078e+00 2.963002752354857621e-04
1.348000000000000087e+00 2.982415709415636999e-04
1.358000000000000096e+00 3.000260359496905479e-04
1.368000000000000105e+00 3.016877954307582341e-04
1.377999999999999892e+00 3.032581232268344871e-04
1.387999999999999901e+00 3.047627970658486332e-04
1.397999999999999909e+00 3.062203657030476570e-04
1.407999999999999918e+00 3.076413992001385397e-04
1.417999999999999927e+00 3.090286797910483051e-04
1.427999999999999936e+00 3.103781942826502318e-04
1.437999999999999945e+00 3.116807186026073753e-04
1.447999999999999954e+00 3.129237460976041618e-04
1.457999999999999963e+00 3.140935047518284310e-04
1.467999999999999972e+00 3.151768320766991198e-04
1.477999999999999980e+00 3.161627240977366721e-04
1.487999999999999989e+00 3.170434381875383715e-04
1.497999999999999998e+00 3.178150987082446408e-04
