0.021011782893912166 0.29657794676806093
0.02939455981281075 0.3992395437262357
0.03362512012702126 0.47908745247148277
0.03781650858647055 0.5304182509505706
0.0502731584005348 0.5988593155893538
0.05853841975514977 0.6159695817490496
0.0667958467388125 0.6273764258555135
0.07504543935152298 0.6330798479087454
0.07916631847240209 0.6330798479087454
0.0874002423432081 0.6273764258555135
0.09561849747210961 0.6102661596958177
0.09971587348013201 0.5931558935361219
0.09969237036727528 0.5760456273764261
0.10378974637529768 0.5589353612167303
0.1037740776333932 0.5475285171102664
0.10375057452053647 0.5304182509505706
0.10371923703672752 0.5076045627376424
0.10780877867379764 0.48479087452471514
0.10776960681903645 0.45627376425855504
0.11183564534324987 0.4163498098859315
0.11180430785944091 0.3935361216730042
0.1117651360046797 0.36501901140684456
0.11585467764174985 0.3422053231939164
0.1158233401579409 0.31939163498098866
0.11581550578698864 0.3136882129277567
0.11579200267413191 0.29657794676806093
0.11988937868215434 0.27946768060836513
0.12402592654493792 0.290874524714829
0.128178143149626 0.3136882129277567
0.12820948063343496 0.33650190114068446
0.12826432123010068 0.376425855513308
0.132424372205741 0.4049429657794681
0.13659225755233356 0.43916349809885924
0.13663142940709477 0.4676806083650189
0.14079931475368734 0.5019011406844109
0.1408463209794008 0.5361216730038025
0.14504554380980234 0.5931558935361219
0.14926043538210837 0.661596958174905
0.1534831613253666 0.7357414448669202
0.15769021852672044 0.7984790874524714
0.16190511009902642 0.8669201520912546
0.16612000167133245 0.9353612167300382
0.17870983579158478 1.1007604562737647
0.19134667613755063 1.3003802281368824
0.21237412777336728 1.6083650190114072
0.22499529937742857 1.7965779467680612
0.24591306981991384 2.0247148288973387
0.25429584673881245 2.1273764258555135
0.26270996114152 2.2528517110266164
0.27110057243137087 2.361216730038023
0.28785829189821577 2.560836501901141
0.28790529812392923 2.595057034220533
0.29207318347052186 2.6292775665399244
0.29211235532528307 2.657794676806084
0.2962567375590188 2.67490494296578
0.3004011197927547 2.6920152091254756
0.31274808841348756 2.680608365019012
0.3127167509296786 2.657794676806084
0.31679845819579655 2.6292775665399244
0.3208723310909622 2.595057034220533
0.32082532486524873 2.560836501901141
0.3289730706555801 2.4923954372623576
0.33296076547027104 2.3954372623574147
0.34102233318012776 2.2642585551330803
0.3531891112689591 2.1216730038022815
0.36139169765595613 2.093155893536122
0.3778438766556636 2.070342205323194
0.3860699661555174 2.0589353612167303
0.390175176534492 2.0475285171102664
0.39424904942965766 2.013307984790875
0.3983307566957756 1.9847908745247151
0.40647066811515464 1.9106463878326998
0.410497534784607 1.8422053231939166
0.4144852295992979 1.7452471482889735
0.4185355993816069 1.6939163498098864
0.4184259181882755 1.614068441064639
0.4265266577528934 1.511406844106464
0.43046734634187095 1.3802281368821296
0.43441586930180076 1.254752851711027
0.43839572974553953 1.152091254752852
0.4423677558183261 1.0437262357414452
0.4504293235281827 0.9125475285171105
0.46260393598796623 0.7756653992395437
0.4666229682864663 0.7015209125475286
0.470634166214014 0.6216730038022815
0.4788054151172021 0.5703422053231941
0.4869688296494379 0.5133079847908748
0.4951009066978648 0.43346007604562775
0.499190448334935 0.4106463878326996
0.5032878243429574 0.3935361216730042
0.5032721556010529 0.3821292775665399
0.5073695316090752 0.36501901140684456
0.5155877867379768 0.3479087452471483
0.5238138762378305 0.33650190114068446
0.5320556344795887 0.33650190114068446
0.5403130614632515 0.3479087452471483
0.5444574436969872 0.36501901140684456
0.5527227050516023 0.3821292775665399
0.5568670872853381 0.3992395437262357
0.5651401830109053 0.4220532319391639
0.5692845652446412 0.43916349809885924
0.5775576609702084 0.4619771863117874
0.5817020432039443 0.47908745247148277
0.589959470187607 0.4904942965779471
0.5940960180503905 0.5019011406844109
0.6064664897839802 0.5076045627376424
0.6188369615175696 0.5133079847908748
0.6311917645092548 0.5076045627376424
0.6476674466218191 0.5019011406844109
0.6723927213470938 0.5019011406844109
0.6929892825805373 0.496197718631179
0.7177223916767641 0.5019011406844109
0.7424555007729912 0.5076045627376424
0.7589468516274598 0.5133079847908748
0.7836799607236866 0.5190114068441067
0.8084130698199138 0.5247148288973387
0.8207678728115988 0.5190114068441067
0.833122675803284 0.5133079847908748
0.8496061922868005 0.5133079847908748
0.8743157982701706 0.5019011406844109
0.894912359503614 0.496197718631179
0.9031619521163246 0.5019011406844109
0.9155402582208664 0.5133079847908748
0.9403125391718544 0.5475285171102664
0.95682739313918 0.5703422053231941
0.9692292023565786 0.5988593155893538
0.9898649354447829 0.6216730038022815
1.0145980445410103 0.6273764258555135
1.0393311536372372 0.6330798479087454
1.0599277148706805 0.6273764258555135
1.0763955626122925 0.6159695817490496
1.0928399072410477 0.5874524714828899
1.105171207119876 0.5646387832699622
1.117479003885848 0.5247148288973387
1.1215450424100615 0.48479087452471514
1.129739794426106 0.45057034220532355
1.1379267120711987 0.4106463878326996
1.150226674466218 0.36501901140684456
1.1542927129904315 0.32509505703422104
1.1624952993774285 0.29657794676806093
1.1665770066435464 0.26806083650190127
1.1747717586595912 0.23384030418250967
1.1829743450465884 0.20532319391635
1.1911690970626332 0.17110266159695842
1.1993716834496302 0.14258555133079875
1.2116951489575063 0.11406844106463909
1.2240186144653824 0.08555133079847943
1.2363420799732585 0.05703422053231977
1.2569229724647974 0.03992395437262353
1.277496030585384 0.01711026615969624
1.2939560439560438 0