0.0000 0.43610 0.37738
0.0100000 0.43418 0.37375
0.020000 0.43226 0.37016
0.030000 0.43034 0.36663
0.040000 0.42842 0.36314
0.050000 0.42650 0.35970
0.060000 0.42458 0.35631
0.070000 0.42266 0.35297
0.080000 0.42073 0.34967
0.090000 0.41881 0.34642
0.10000 0.41689 0.34322
0.11000 0.41497 0.34006
0.12000 0.41305 0.33694
0.13000 0.41113 0.33387
0.14000 0.40921 0.33085
0.15000 0.40729 0.32786
0.16000 0.40537 0.32492
0.17000 0.40345 0.32203
0.18000 0.40153 0.31917
0.19000 0.39961 0.31636
0.20000 0.39769 0.31359
0.21000 0.39577 0.31086
0.22000 0.39384 0.30817
0.23000 0.39192 0.30552
0.24000 0.39000 0.30291
0.25000 0.38808 0.30034
0.26000 0.38616 0.29781
0.27000 0.38424 0.29532
0.28000 0.38232 0.29286
0.29000 0.38040 0.29045
0.30000 0.37848 0.28807
0.31000 0.37656 0.28572
0.32000 0.37464 0.28342
0.33000 0.37272 0.28115
0.34000 0.37080 0.27892
0.35000 0.36888 0.27672
0.36000 0.36695 0.27456
0.37000 0.36503 0.27243
0.38000 0.36311 0.27033
0.39000 0.36119 0.26828
0.40000 0.35927 0.26625
0.41000 0.35735 0.26426
0.42000 0.35543 0.26230
0.43000 0.35351 0.26037
0.44000 0.35159 0.25848
0.45000 0.34967 0.25661
0.46000 0.34775 0.25478
0.47000 0.34583 0.25298
0.48000 0.34391 0.25121
0.49000 0.34199 0.24947
0.50000 0.34007 0.24776
0.51000 0.33814 0.24608
0.52000 0.33622 0.24443
0.53000 0.33430 0.24281
0.54000 0.33238 0.24122
0.55000 0.33046 0.23966
0.56000 0.32854 0.23812
0.57000 0.32662 0.23662
0.58000 0.32470 0.23514
0.59000 0.32278 0.23368
0.60000 0.32086 0.23226
0.61000 0.31894 0.23086
0.62000 0.31702 0.22948
0.63000 0.31510 0.22814
0.64000 0.31318 0.22682
0.65000 0.31125 0.22552
0.66000 0.30933 0.22425
0.67000 0.30741 0.22300
0.68000 0.30549 0.22178
0.69000 0.30357 0.22058
0.70000 0.30165 0.21941
0.71000 0.29973 0.21825
0.72000 0.29781 0.21713
0.73000 0.29589 0.21602
0.74000 0.29397 0.21494
0.75000 0.29205 0.21388
0.76000 0.29013 0.21284
0.77000 0.28821 0.21183
0.78000 0.28629 0.21083
0.79000 0.28436 0.20986
0.80000 0.28244 0.20891
0.81000 0.28052 0.20798
0.82000 0.27860 0.20706
0.83000 0.27668 0.20617
0.84000 0.27476 0.20530
0.85000 0.27284 0.20445
0.86000 0.27092 0.20362
0.87000 0.26900 0.20281
0.88000 0.26708 0.20201
0.89000 0.26516 0.20124
0.90000 0.26324 0.20048
0.91000 0.26132 0.19974
0.92000 0.25940 0.19902
0.93000 0.25747 0.19832
0.94000 0.25555 0.19763
0.95000 0.25363 0.19696
0.96000 0.25171 0.19631
0.97000 0.24979 0.19568
0.98000 0.24787 0.19506
0.99000 0.24595 0.19446
1.0000 0.24403 0.19387
1.0100 0.24211 0.19330
1.0200 0.24019 0.19274
1.0300 0.23827 0.19220
1.0400 0.23635 0.19168
1.0500 0.23443 0.19117
1.0600 0.23251 0.19067
1.0700 0.23059 0.19019
1.0800 0.22866 0.18973
1.0900 0.22674 0.18927
1.1000 0.22482 0.18884
1.1100 0.22290 0.18841
1.1200 0.22098 0.18800
1.1300 0.21906 0.18760
1.1400 0.21714 0.18721
1.1500 0.21522 0.18684
1.1600 0.21330 0.18648
1.1700 0.21138 0.18613
1.1800 0.20946 0.18580
1.1900 0.20754 0.18547
1.2000 0.20562 0.18516
1.2100 0.20370 0.18486
1.2200 0.20177 0.18457
1.2300 0.19985 0.18430
1.2400 0.19793 0.18403
1.2500 0.19601 0.18377
1.2600 0.19409 0.18353
1.2700 0.19217 0.18329
1.2800 0.19025 0.18307
1.2900 0.18833 0.18286
1.3000 0.18641 0.18265
1.3100 0.18449 0.18246
1.3200 0.18257 0.18227
1.3300 0.18065 0.18210
1.3400 0.17873 0.18193
1.3500 0.17806 0.18178
1.3600 0.17823 0.18163
1.3700 0.17839 0.18149
1.3800 0.17856 0.18136
1.3900 0.17872 0.18124
1.4000 0.17889 0.18113
1.4100 0.17905 0.18102
1.4200 0.17922 0.18093
1.4300 0.17938 0.18084
1.4400 0.17954 0.18075
1.4500 0.17970 0.18068
1.4600 0.17986 0.18062
1.4700 0.18002 0.18056
1.4800 0.18018 0.18050
1.4900 0.18034 0.18046
1.5000 0.18049 0.18042
1.5100 0.18065 0.18039
1.5200 0.18081 0.18037
1.5300 0.18096 0.18035
1.5400 0.18112 0.18034
1.5500 0.18127 0.18033
1.5600 0.18142 0.18033
1.5700 0.18158 0.18034
1.5800 0.18173 0.18035
1.5900 0.18188 0.18037
1.6000 0.18203 0.18039
1.6100 0.18218 0.18042
1.6200 0.18233 0.18046
1.6300 0.18247 0.18050
1.6400 0.18262 0.18054
1.6500 0.18277 0.18059
1.6600 0.18292 0.18065
1.6700 0.18306 0.18071
1.6800 0.18321 0.18077
1.6900 0.18335 0.18084
1.7000 0.18349 0.18091
1.7100 0.18364 0.18099
1.7200 0.18378 0.18107
1.7300 0.18392 0.18116
1.7400 0.18406 0.18125
1.7500 0.18420 0.18134
1.7600 0.18434 0.18144
1.7700 0.18448 0.18154
1.7800 0.18462 0.18165
1.7900 0.18476 0.18175
1.8000 0.18490 0.18187
1.8100 0.18504 0.18198
1.8200 0.18517 0.18210
1.8300 0.18531 0.18222
1.8400 0.18544 0.18235
1.8500 0.18558 0.18247
1.8600 0.18571 0.18260
1.8700 0.18585 0.18274
1.8800 0.18598 0.18287
1.8900 0.18611 0.18301
1.9000 0.18624 0.18315
1.9100 0.18638 0.18329
1.9200 0.18651 0.18344
1.9300 0.18664 0.18359
1.9400 0.18677 0.18374
1.9500 0.18690 0.18389
1.9600 0.18703 0.18404
1.9700 0.18715 0.18420
1.9800 0.18728 0.18436
1.9900 0.18741 0.18452
2.0000 0.18754 0.18468
2.0100 0.18766 0.18484
2.0200 0.18779 0.18501
2.0300 0.18791 0.18518
2.0400 0.18804 0.18534
2.0500 0.18816 0.18551
2.0600 0.18828 0.18568
2.0700 0.18841 0.18586
2.0800 0.18853 0.18603
2.0900 0.18865 0.18620
2.1000 0.18877 0.18638
2.1100 0.18890 0.18656
2.1200 0.18902 0.18674
2.1300 0.18914 0.18691
2.1400 0.18926 0.18709
2.1500 0.18938 0.18727
2.1600 0.18950 0.18746
2.1700 0.18961 0.18764
2.1800 0.18973 0.18782
2.1900 0.18985 0.18800
2.2000 0.18997 0.18819
2.2100 0.19008 0.18837
2.2200 0.19020 0.18856
2.2300 0.19031 0.18874
2.2400 0.19043 0.18893
2.2500 0.19054 0.18912
2.2600 0.19066 0.18930
2.2700 0.19077 0.18949
2.2800 0.19089 0.18968
2.2900 0.19100 0.18986
2.3000 0.19111 0.19005
2.3100 0.19123 0.19024
2.3200 0.19134 0.19043
2.3300 0.19145 0.19061
2.3400 0.19156 0.19080
2.3500 0.19167 0.19099
2.3600 0.19178 0.19118
2.3700 0.19189 0.19136
2.3800 0.19200 0.19155
2.3900 0.19211 0.19174
2.4000 0.19222 0.19193
2.4100 0.19233 0.19211
2.4200 0.19243 0.19230
2.4300 0.19254 0.19249
2.4400 0.19265 0.19267
2.4500 0.19276 0.19286
2.4600 0.19286 0.19304
2.4700 0.19297 0.19323
2.4800 0.19307 0.19341
2.4900 0.19318 0.19360
2.5000 0.19328 0.19378
2.5100 0.19339 0.19396
2.5200 0.19349 0.19415
2.5300 0.19360 0.19433
2.5400 0.19370 0.19451
2.5500 0.19380 0.19469
2.5600 0.19391 0.19487
2.5700 0.19401 0.19505
2.5800 0.19411 0.19523
2.5900 0.19421 0.19541
2.6000 0.19431 0.19559
2.6100 0.19441 0.19576
2.6200 0.19452 0.19594
2.6300 0.19462 0.19612
2.6400 0.19472 0.19629
2.6500 0.19482 0.19647
2.6600 0.19491 0.19664
2.6700 0.19501 0.19681
2.6800 0.19511 0.19699
2.6900 0.19521 0.19716
2.7000 0.19531 0.19733
2.7100 0.19541 0.19750
2.7200 0.19550 0.19767
2.7300 0.19560 0.19784
2.7400 0.19570 0.19801
2.7500 0.19579 0.19817
2.7600 0.19589 0.19834
2.7700 0.19599 0.19851
2.7800 0.19608 0.19867
2.7900 0.19618 0.19883
2.8000 0.19627 0.19900
2.8100 0.19637 0.19916
2.8200 0.19646 0.19932
2.8300 0.19656 0.19948
2.8400 0.19665 0.19964
2.8500 0.19674 0.19980
2.8600 0.19684 0.19996
2.8700 0.19693 0.20012
2.8800 0.19702 0.20027
2.8900 0.19711 0.20043
2.9000 0.19721 0.20058
2.9100 0.19730 0.20074
2.9200 0.19739 0.20089
2.9300 0.19748 0.20104
2.9400 0.19757 0.20119
2.9500 0.19766 0.20134
2.9600 0.19775 0.20149
2.9700 0.19784 0.20164
2.9800 0.19793 0.20179
2.9900 0.19802 0.20194
3.0000 0.19811 0.20208
3.0100 0.19820 0.20223
3.0200 0.19829 0.20237
3.0300 0.19838 0.20252
3.0400 0.19847 0.20266
3.0500 0.19856 0.20280
3.0600 0.19864 0.20295
3.0700 0.19873 0.20309
3.0800 0.19882 0.20323
3.0900 0.19891 0.20337
3.1000 0.19899 0.20351
3.1100 0.19908 0.20364
3.1200 0.19917 0.20378
3.1300 0.19925 0.20392
3.1400 0.19934 0.20405
3.1500 0.19942 0.20419
3.1600 0.19951 0.20432
3.1700 0.19960 0.20446
3.1800 0.19968 0.20459
3.1900 0.19977 0.20472
3.2000 0.19985 0.20485
3.2100 0.19993 0.20498
3.2200 0.20002 0.20511
3.2300 0.20010 0.20524
3.2400 0.20019 0.20537
3.2500 0.20027 0.20550
3.2600 0.20035 0.20563
3.2700 0.20044 0.20576
3.2800 0.20052 0.20588
3.2900 0.20060 0.20601
3.3000 0.20068 0.20613
3.3100 0.20077 0.20626
3.3200 0.20085 0.20638
3.3300 0.20093 0.20651
3.3400 0.20101 0.20663
3.3500 0.20109 0.20675
3.3600 0.20117 0.20688
3.3700 0.20125 0.20700
3.3800 0.20133 0.20712
3.3900 0.20142 0.20724
3.4000 0.20150 0.20736
3.4100 0.20158 0.20748
3.4200 0.20166 0.20760
3.4300 0.20174 0.20772
3.4400 0.20181 0.20784
3.4500 0.20189 0.20795
3.4600 0.20197 0.20807
3.4700 0.20205 0.20819
3.4800 0.20213 0.20830
3.4900 0.20221 0.20842
3.5000 0.20229 0.20854
3.5100 0.20237 0.20865
3.5200 0.20244 0.20877
3.5300 0.20252 0.20888
3.5400 0.20260 0.20900
3.5500 0.20268 0.20911
3.5600 0.20275 0.20922
3.5700 0.20283 0.20934
3.5800 0.20291 0.20945
3.5900 0.20298 0.20956
3.6000 0.20306 0.20968
3.6100 0.20314 0.20979
3.6200 0.20321 0.20990
3.6300 0.20329 0.21001
3.6400 0.20337 0.21012
3.6500 0.20344 0.21024
3.6600 0.20352 0.21035
3.6700 0.20359 0.21046
3.6800 0.20367 0.21057
3.6900 0.20374 0.21068
3.7000 0.20382 0.21079
3.7100 0.20389 0.21090
3.7200 0.20397 0.21101
3.7300 0.20404 0.21112
3.7400 0.20411 0.21123
3.7500 0.20419 0.21134
3.7600 0.20426 0.21145
3.7700 0.20434 0.21155
3.7800 0.20441 0.21166
3.7900 0.20448 0.21177
3.8000 0.20456 0.21188
3.8100 0.20463 0.21199
3.8200 0.20470 0.21209
3.8300 0.20477 0.21220
3.8400 0.20485 0.21231
3.8500 0.20492 0.21242
3.8600 0.20499 0.21252
3.8700 0.20506 0.21263
3.8800 0.20514 0.21274
3.8900 0.20521 0.21284
3.9000 0.20528 0.21295
3.9100 0.20535 0.21306
3.9200 0.20542 0.21316
3.9300 0.20549 0.21327
3.9400 0.20556 0.21337
3.9500 0.20563 0.21348
3.9600 0.20571 0.21358
3.9700 0.20578 0.21369
3.9800 0.20585 0.21379
3.9900 0.20592 0.21390
4.0000 0.20599 0.21400
4.0100 0.20606 0.21411
4.0200 0.20613 0.21421
4.0300 0.20620 0.21432
4.0400 0.20627 0.21442
4.0500 0.20634 0.21452
4.0600 0.20641 0.21462
4.0700 0.20647 0.21473
4.0800 0.20654 0.21483
4.0900 0.20661 0.21493
4.1000 0.20668 0.21503
4.1100 0.20675 0.21513
4.1200 0.20682 0.21524
4.1300 0.20689 0.21534
4.1400 0.20696 0.21544
4.1500 0.20702 0.21554
4.1600 0.20709 0.21564
4.1700 0.20716 0.21574
4.1800 0.20723 0.21583
4.1900 0.20729 0.21593
4.2000 0.20736 0.21603
4.2100 0.20743 0.21613
4.2200 0.20750 0.21622
4.2300 0.20756 0.21632
4.2400 0.20763 0.21642
4.2500 0.20770 0.21651
4.2600 0.20776 0.21661
4.2700 0.20783 0.21670
4.2800 0.20790 0.21679
4.2900 0.20796 0.21689
4.3000 0.20803 0.21698
4.3100 0.20810 0.21707
4.3200 0.20816 0.21716
4.3300 0.20823 0.21725
4.3400 0.20829 0.21734
4.3500 0.20836 0.21743
4.3600 0.20843 0.21751
4.3700 0.20849 0.21760
4.3800 0.20856 0.21769
4.3900 0.20862 0.21777
4.4000 0.20869 0.21785
4.4100 0.20875 0.21794
4.4200 0.20882 0.21802
4.4300 0.20888 0.21810
4.4400 0.20895 0.21818
4.4500 0.20901 0.21825
4.4600 0.20907 0.21833
4.4700 0.20914 0.21841
4.4800 0.20920 0.21848
4.4900 0.20927 0.21855
4.5000 0.20933 0.21862
